"Grid_code" "Collection_date" "Ecosystem" "Country" "Locality" "X" "Y" "Num" "pHwater" "lime_tot" "MO" "Phos" "K" "Mg" "Ca" "Na" "N" "C" "CN" "clay" "SiltF" "SiltC" "SandF" "SandC" "Cl" "Res" "Cond" "Profondeur" "dep_oxy_num" "depth_oxy" "Pature" "Fauche" "Plant_richness_grid" "Plant_shannon_grid" "Plant_simpson_grid" "Virus_richness_grid" "Virus_shannon_grid" "Virus_simpson_grid"
"1" "20_CAM_01" "2020-06-22" "Mediterranean salt grassland" "France" "Arles" 4.66500403359532 43.4770370274782 "2307063" 8.4 21 7.8 42 1626 1868 12708 3267 4349 45.2436194895592 10.4032236122233 38 35.8 19.9 4.4 1.9 2560 520 192.307692307692 "10" 10 "10-19" 1 0 24 3.023 0.946 14 2.599 0.922
"2" "20_CAM_02" "2020-06-22" "Mediterranean salt grassland" "France" "Arles" 4.6644079964608 43.4769019950181 "2307064" 8.6 20 8.09 43 1238 1629 12100 2778 4709 46.9257540603248 9.96512084525904 35.1 36.9 19.9 4.4 3.7 2100 580 172.413793103448 "10" 10 "10-19" 1 0 18 2.586 0.908 4 1.386 0.75
"3" "20_CAM_03" "2020-06-22" "Parapholis-dominated salt grassland" "France" "Arles" 4.66458602808416 43.4772050008178 "2307065" 8.6 20 8 40 951 1891 11451 3116 4316 46.4037122969838 10.7515552124615 36.4 37 19.2 4.8 2.6 2680 480 208.333333333333 "5" 5 "0-9" 1 0 19 2.629 0.911 12 2.441 0.908
"4" "20_CAM_04" "2020-06-22" "Mediterranean grassland" "France" "Arles" 4.6638569701463 43.47680401057 "2307066" 8.4 16 9 44 856 1206 13349 694 4629 52.2041763341067 11.2776358466422 31.2 32.8 16.8 9.2 10 370 1850 54.0540540540541 "18" 18 "10-19" 1 0 13 2.228 0.862 30 3.237 0.951
"5" "20_CAM_05" "2020-06-23" "Mediterranean grassland" "France" "Arles" 4.66249700635672 43.476521037519 "2307067" 8.6 23 7.89 38 758 1732 12384 1723 4092 45.7656612529002 11.1841791918134 38.2 36 11.7 6.7 7.4 1100 930 107.52688172043 "20" 20 "20-29" 1 0 14 2.236 0.849 24 2.997 0.931
"6" "21_CAM_01" "2021-04-22" "Mediterranean grassland annuals" "France" "Arles" 4.7042403291485 43.414448767808 "2307068" 8.2 21 2.95 29 193 163 11397 96 2070 17.1113689095128 8.26636179203515 18.6 16.7 10 19.5 35.2 128 4490 22.271714922049 ">40" 40 ">40" 1 0 39 3.392 0.96 12 2.344 0.886
"7" "21_CAM_02" "2021-05-07" "Mediterranean grassland annuals" "France" "Arles" 4.70189630659263 43.4174973370585 "2307069" 8.4 22 1.32 42 90 100 8054 40 924 7.65661252900232 8.28637719588996 7.6 3.6 6.1 20.6 62.1 54 6500 15.3846153846154 ">40" 40 ">40" 1 0 40 3.469 0.964 7 1.906 0.844
"8" "21_CAM_03" "2021-05-07" "Mediterranean salt grassland" "France" "Arles" 4.66514298966056 43.4075228952236 "2307070" 8.8 18 0.69 26 63 185 7959 201 424 4.00232018561485 9.43943440003502 2.9 1.7 4.6 18.8 72 320 3150 31.7460317460317 "35" 35 "30-39" 0 0 27 3.053 0.944 0 0 0
"9" "21_CAM_04" "2021-05-12" "Restored grassland" "France" "Arles" 4.69478803686798 43.5007029958069 "2307071" 8.5 28 2.23 50 566 1621 10142 4010 1554 12.9350348027842 8.32370321929487 42.4 43.4 9.4 3.6 1.2 4140 310 322.58064516129 "30" 30 "30-39" 1 0 9 1.841 0.804 1 0 0
"10" "21_CAM_05" "2021-05-12" "Pond grassland" "France" "Arles" 4.69538031949132 43.4941092442781 "2307072" 8.1 28 5.31 31 425 1442 12033 2384 3359 30.800464037123 9.16953380087019 40.4 40.4 10.4 5.5 3.3 2480 450 222.222222222222 "15" 15 "10-19" 1 0 11 2.079 0.846 3 1.099 0.667
"11" "21_CAM_06" "2021-05-12" "Pond grassland" "France" "Arles" 4.69619543088929 43.4882861096488 "2307073" 8 27 4.36 59 365 1271 12174 2342 2351 25.2900232018562 10.7571344967487 36.8 46.3 9.3 4.4 3.2 3020 410 243.90243902439 "27" 27 "20-29" 1 0 12 2.259 0.878 1 0 0
"12" "21_CAM_07" "2021-05-12" "Restored grassland" "France" "Arles" 4.70331164239781 43.4847478824991 "2307074" 8.1 28 3.48 69 301 1384 11267 2458 2149 20.1856148491879 9.39302691911956 33.7 47.2 14.4 3.1 1.6 3180 380 263.157894736842 "15" 15 "10-19" 1 0 10 2.08 0.86 1 0 0
"13" "21_CAM_08" "2021-05-25" "Farmland meadow" "France" "Arles" 4.6624799580786 43.5788247199816 "2307075" 8.2 26 5.26 61 88 727 11788 280 2947 30.5104408352668 10.3530508433209 21.2 30.4 26.3 19.3 2.8 96 2430 41.1522633744856 "27" 27 "20-29" 0 1 8 1.728 0.796 5 1.359 0.68
"14" "21_CAM_09" "2021-05-25" "Farmland meadow" "France" "Arles" 4.66257 43.58004 "2307076" 8 28 6.63 48 69 264 11929 91 3689 38.4570765661253 10.4247971174099 19.2 27.3 24.1 25.5 3.9 26 3570 28.0112044817927 "27" 27 "20-29" 0 1 10 2.029 0.849 8 1.803 0.795
"15" "21_CAM_10" "2021-05-25" "Farmland meadow" "France" "Arles" 4.6785 43.50322 "2307077" 8.1 28 4.3 38 313 590 12169 345 2635 24.9419953596288 9.46565288790466 25.8 40 20.4 11.7 2.1 378 1860 53.7634408602151 "15" 15 "10-19" 1 1 16 2.424 0.888 14 2.558 0.916
"16" "21_CAM_11" "2021-05-25" "Farmland meadow" "France" "Arles" 4.67599 43.50309 "2307078" 8.1 22 7.29 52 289 931 13457 449 4038 42.2853828306265 10.4718630090704 36.6 38.9 14.7 7.4 2.4 418 1670 59.8802395209581 "0" 0 "0-9" 1 1 8 1.717 0.775 5 1.609 0.8
"17" "21_CAM_12" "2021-06-08" "Brachypodium-dominated grassland" "France" "Arles" 4.6534799906287 43.580759365755 "2307079" 8.2 28 4.19 24 281 248 13262 57 2739 24.3039443155452 8.8732910973148 29.5 38.1 16.2 13.9 2.3 70 4360 22.9357798165138 "34" 34 "30-39" 0 0 7 1.697 0.778 5 1.228 0.6
"18" "21_CAM_13" "2021-06-08" "Brachypodium-dominated grassland" "France" "Arles" 4.6528288009641 43.5800674416801 "2307080" 8.1 28 4.44 23 258 210 13538 49 2862 25.754060324826 8.99862345381761 31.1 38.8 18.4 9.8 1.9 44 4660 21.4592274678112 "31" 31 "30-39" 0 0 6 1.511 0.736 2 0.637 0.444
"19" "21_CAM_16" "2021-06-21" "Dune grassland" "France" "Arles" 4.61689918051189 43.4152021723605 "2307081" 9 20 0.55 29 31 128 7282 43 332 3.19025522041763 9.60920247113745 2.9 0.7 3.2 10.7 82.5 26 8850 11.2994350282486 ">40" 40 ">40" 0 0 10 2.083 0.847 8 2.026 0.862
"20" "21_CAM_17" "2021-06-21" "Dune grassland" "France" "Arles" 4.60590186937674 43.4098219821539 "2307082" 9.3 25 0.49 26 117 656 8765 865 301 2.84222737819026 9.44261587438623 3.6 2.5 3.4 26.8 63.7 1180 1150 86.9565217391304 "2" 2 "0-9" 0 0 9 1.815 0.788 3 1.099 0.667
"21" "21_CAM_18" "2021-06-21" "Pond grassland" "France" "Arles" 4.68142921027558 43.5157177586366 "2307083" 8.3 24 6.94 39 686 1599 12129 1638 4184 40.2552204176334 9.62122858930053 46.9 34.9 12.5 3.8 1.9 1240 790 126.582278481013 "1" 1 "0-9" 1 0 3 1.041 0.632 1 0 0
"22" "22_CAM_01" "2022-04-14" "Mediterranean grassland annuals" "France" "Arles" 4.661782 43.463622 "2307084" 8 15 4.01 47 191 152 8903 62 2150 23.2598607888631 10.8185399017968 10.4 7.6 7.2 13.7 61.1 40 4390 22.7790432801822 ">40" 40 ">40" 1 0 51 3.669 0.97 5 1.609 0.8
"23" "22_CAM_02" "2022-04-14" "Mediterranean grassland annuals" "France" "Arles" 4.66216 43.463715 "2307085" 8.1 17 2.69 50 142 145 8020 36 1451 15.6032482598608 10.7534447001108 6 4 6 12.9 71.1 26 5280 18.9393939393939 ">40" 40 ">40" 1 0 40 3.392 0.96 20 2.955 0.945
"24" "22_CAM_03" "2022-04-25" "Mediterranean grassland annuals" "France" "Arles" 4.678219 43.482928 "2307086" 8.2 27 3.86 25 227 291 12007 231 2325 22.3897911832947 9.63001771324502 29.2 51.5 12.6 4.3 2.4 346 2690 37.1747211895911 ">40" 40 ">40" 1 0 55 3.797 0.973 20 2.947 0.944
"25" "22_CAM_04" "2022-04-25" "Mediterranean grassland annuals" "France" "Arles" 4.67912 43.483346 "2307087" 8 28 4.37 31 382 613 12253 928 2625 25.3480278422274 9.65639155894377 28.5 47.7 14.3 6.7 2.8 1940 770 129.87012987013 "37" 37 "30-39" 1 0 61 3.901 0.977 14 2.599 0.922
"26" "22_CAM_05" "2022-05-11" "Mediterranean salt grassland" "France" "Arles" 4.67098889 43.50468889 "2307088" 9.1 32 1.84 36 307 1576 9803 3281 1221 10.6728538283063 8.74107602645886 31.8 45.1 10.8 8.5 3.8 2780 500 200 "35" 35 "30-39" 1 0 16 2.531 0.907 10 2.272 0.893
"27" "22_CAM_06" "2022-05-11" "Mediterranean salt grassland" "France" "Arles" 4.683941 43.484647 "2307089" 8.3 26 5.39 28 849 1589 10588 3758 3306 31.2645011600928 9.4568969026294 31.1 48.4 11.6 6.3 2.6 4040 330 303.030303030303 ">40" 40 ">40" 1 0 24 2.891 0.933 6 1.792 0.833
"28" "22_CAM_07" "2022-05-11" "Mediterranean salt grassland" "France" "Arles" 4.660798 43.459028 "2307090" 9.3 34 2.41 23 395 1259 10328 2553 1328 13.9791183294664 10.5264445252006 31.5 50.1 12.9 3.2 2.3 1980 660 151.515151515152 "7" 7 "0-9" 1 0 26 2.946 0.937 21 2.976 0.944
"29" "22_CAM_08" "2022-05-12" "Farmland meadow" "France" "Arles" 4.66368333 43.58020556 "2307091" 7.8 26 6.17 56 106 387 12794 86 3778 35.7888631090487 9.47296535443323 21.3 26.1 25.8 23 3.8 36 3420 29.2397660818713 "37" 37 "30-39" 0 1 18 2.575 0.904 22 2.825 0.917
"30" "22_CAM_09" "2022-05-12" "Farmland meadow" "France" "Arles" 4.66345278 43.57918611 "2307092" 7.9 29 5.58 47 83 288 12390 62 3578 32.3665893271462 9.04600037091844 21.1 31.5 25.2 19.2 3 30 3860 25.9067357512953 ">40" 40 ">40" 0 1 14 2.432 0.898 25 3.129 0.952
"31" "22_CAM_10" "2022-05-12" "Farmland meadow" "France" "Arles" 4.66935278 43.50774444 "2307093" 8.1 25 2.66 38 96 301 11085 277 1735 15.4292343387471 8.89293045460928 17.8 20.5 14.2 16.3 31.2 516 1840 54.3478260869565 "18" 18 "10-19" 1 1 26 2.972 0.94 27 3.059 0.938
"32" "22_CAM_11" "2022-05-12" "Farmland meadow" "France" "Arles" 4.67303889 43.50753056 "2307094" 8.2 28 4.75 44 171 381 11924 88 2641 27.5522041763341 10.432489275401 25.7 43.5 22 6.6 2.2 74 3860 25.9067357512953 "10" 10 "10-19" 1 1 17 2.533 0.904 20 2.884 0.938
"33" "22_CAM_12" "2022-05-16" "Dune grassland" "France" "Arles" 4.59947 43.407154 "2307095" 9.2 20 0.32 27 27 132 7679 30 200 1.85614849187935 9.28074245939675 2.9 1.2 3.3 19.9 72.7 23.5 8910 11.2233445566779 ">40" 40 ">40" 0 0 9 2.008 0.849 9 2.164 0.88
"34" "22_CAM_13" "2022-05-16" "Dune grassland" "France" "Arles" 4.599173 43.406958 "2307096" 9.2 24 0.35 33 27 115 7918 37 235 2.03016241299304 8.63898899145974 2.2 1 5.5 22 69.3 36.5 8730 11.454753722795 "40" 40 ">40" 0 0 11 2.115 0.857 9 2.146 0.876
"35" "22_CAM_14" "2022-05-16" "Dune grassland" "France" "Arles" 4.600448 43.402645 "2307097" 8.8 23 0.6 44 61 111 7778 39 367 3.48027842227378 9.48304747213565 2.5 0.9 6.7 42.5 47.4 38 8150 12.2699386503067 ">40" 40 ">40" 0 0 10 2.051 0.85 21 2.983 0.944
"36" "22_CAM_15" "2022-05-16" "Dune grassland" "France" "Arles" 4.601142 43.401518 "2307098" 8.8 24 0.74 29 290 1518 8715 8652 446 4.292343387471 9.62408831271524 6.4 5.9 10.5 51.4 25.8 11460 120 833.333333333333 "1" 1 "0-9" 0 0 7 1.85 0.838 4 1.332 0.72
"37" "22_CAM_16" "2022-05-18" "Mediterranean restored salt grassland" "France" "Arles" 4.68907 43.539155 "2307099" 8.3 31 2.84 59 345 1128 11243 3730 1781 16.4733178654292 9.24947662292489 36.6 50.4 8.1 3.6 1.3 4020 340 294.117647058824 "5" 5 "0-9" 1 0 21 2.739 0.921 14 2.639 0.929
"38" "22_CAM_17" "2022-05-18" "Mediterranean restored salt grassland" "France" "Arles" 4.687389 43.539815 "2307100" 8.2 29 3.73 81 353 1154 10952 4604 2093 21.6357308584687 10.3371862677825 38.7 48.7 7.7 3.6 1.3 3580 270 370.37037037037 "0" 0 "0-9" 1 0 15 2.402 0.891 1 0 0
"39" "22_CAM_18" "2022-05-18" "Mediterranean restored salt grassland" "France" "Arles" 4.703325 43.489046 "2307101" 8.2 32 2.18 57 285 967 11333 1467 1482 12.6450116009281 8.5323964918543 33.4 52.3 7.4 3.4 3.5 5080 630 158.730158730159 "40" 40 ">40" 1 0 12 2.264 0.882 23 2.987 0.94
"40" "22_CAM_19" "2022-05-18" "Mediterranean restored salt grassland" "France" "Arles" 4.705635 43.484 "2307102" 8.4 28 3.72 113 265 814 11634 449 2277 21.5777262180974 9.47638393416664 30 44.8 8.2 7.3 9.7 410 2010 49.7512437810945 "30" 30 "30-39" 1 0 11 2.06 0.847 9 1.895 0.797
"41" "22_CAM_20" "2022-06-03" "Mediterranean salt grassland" "France" "Arles" 4.676166 43.494012 "2307103" 7.7 11 11.35 46 530 2142 12043 4207 6878 65.8352668213457 9.5718619978694 44.4 32.8 11.7 7.4 3.7 4740 290 344.827586206897 "0" 0 "0-9" 1 0 10 2.069 0.858 2 0.693 0.5
"42" "22_CAM_21" "2022-06-03" "Mediterranean salt grassland" "France" "Arles" 4.674939 43.494126 "2307104" 8.1 13 5.52 60 539 1642 11363 3866 3342 32.0185614849188 9.58065873277043 48.4 32.9 10.6 6.3 1.8 4620 320 312.5 "0" 0 "0-9" 1 0 4 1.035 0.593 2 0.693 0.5
